Date,Time,Temp,pH,Battery,Date (UTC)
2019-08-08,15:00:00,23.19,7.8263,10.8,2019-08-08 15:00:00
2019-08-08,15:59:59,23.65,7.7761,10.81,2019-08-08 15:59:59
2019-08-08,16:59:59,24.5,7.8447,10.82,2019-08-08 16:59:59
2019-08-08,17:59:59,25.6,7.9054,10.83,2019-08-08 17:59:59
2019-08-08,18:59:59,26.43,7.8768,10.84,2019-08-08 18:59:59
2019-08-08,19:59:59,26.53,7.8856,10.85,2019-08-08 19:59:59
2019-08-08,20:59:59,22.91,7.8775,10.84,2019-08-08 20:59:59
2019-08-08,21:59:59,23.63,7.8936,10.83,2019-08-08 21:59:59
2019-08-08,23:59:59,22.23,7.9255,10.81,2019-08-08 23:59:59
2019-08-09,00:59:59,23.47,7.8974,10.81,2019-08-09 00:59:59
2019-08-09,01:59:59,23.27,7.9249,10.82,2019-08-09 01:59:59
2019-08-09,02:59:59,23.14,7.9545,10.82,2019-08-09 02:59:59
2019-08-09,03:59:59,23.04,7.9394,10.81,2019-08-09 03:59:59
2019-08-09,04:59:59,22.94,7.9923,10.81,2019-08-09 04:59:59
2019-08-09,05:59:59,22.84,7.9681,10.81,2019-08-09 05:59:59
2019-08-09,06:59:59,22.64,7.9292,10.81,2019-08-09 06:59:59
2019-08-09,07:59:59,22.46,7.9206,10.81,2019-08-09 07:59:59
2019-08-09,08:59:59,22.28,7.918,10.8,2019-08-09 08:59:59
2019-08-09,12:59:59,21.31,7.7086,10.78,2019-08-09 12:59:59
2019-08-09,13:59:59,21.88,7.7981,10.79,2019-08-09 13:59:59
2019-08-09,14:59:59,23.09,7.8936,10.8,2019-08-09 14:59:59
2019-08-09,15:59:59,23.99,7.9163,10.81,2019-08-09 15:59:59
2019-08-09,16:59:59,24.63,7.94,10.82,2019-08-09 16:59:59
2019-08-09,17:59:59,25.89,7.9434,10.83,2019-08-09 17:59:59
2019-08-09,18:59:59,26.56,7.8934,10.84,2019-08-09 18:59:59
2019-08-09,19:59:59,27.1,7.9224,10.85,2019-08-09 19:59:59
2019-08-09,20:59:59,27.46,7.9176,10.85,2019-08-09 20:59:59
2019-08-09,21:59:59,23.57,7.9502,10.84,2019-08-09 21:59:59
2019-08-09,22:59:59,24.17,7.9899,10.83,2019-08-09 22:59:59
2019-08-09,23:59:59,23.12,7.9988,10.82,2019-08-09 23:59:59
2019-08-10,00:59:59,24.27,7.9486,10.81,2019-08-10 00:59:59
2019-08-10,01:59:59,24.11,7.9247,10.82,2019-08-10 01:59:59
2019-08-10,02:59:59,23.93,7.9403,10.81,2019-08-10 02:59:59
2019-08-10,03:59:59,23.63,7.9257,10.81,2019-08-10 03:59:59
2019-08-10,04:59:59,23.47,7.9907,10.81,2019-08-10 04:59:59
2019-08-10,05:59:59,23.34,7.9996,10.8,2019-08-10 05:59:59
2019-08-10,06:59:59,23.12,7.9284,10.81,2019-08-10 06:59:59
2019-08-10,07:59:59,22.81,7.9357,10.8,2019-08-10 07:59:59
2019-08-10,08:59:59,22.56,7.9109,10.8,2019-08-10 08:59:59
2019-08-10,09:59:59,22.28,7.8536,10.8,2019-08-10 09:59:59
2019-08-10,10:59:59,20.43,7.7773,10.78,2019-08-10 10:59:59
2019-08-10,11:59:59,20.6,7.7367,10.77,2019-08-10 11:59:59
2019-08-10,12:59:59,21.21,7.725,10.77,2019-08-10 12:59:59
2019-08-10,13:59:59,21.53,7.7275,10.77,2019-08-10 13:59:59
2019-08-10,14:59:59,22.48,7.7755,10.78,2019-08-10 14:59:59
2019-08-10,15:59:59,23.12,7.7929,10.78,2019-08-10 15:59:59
2019-08-10,16:59:59,24.06,7.8345,10.79,2019-08-10 16:59:59
2019-08-10,17:59:59,24.53,7.8728,10.8,2019-08-10 17:59:59
2019-08-10,18:59:59,24.79,7.9353,10.81,2019-08-10 18:59:59
2019-08-10,19:59:59,24.71,7.8477,10.81,2019-08-10 19:59:59
2019-08-10,20:59:59,24.81,7.8398,10.81,2019-08-10 20:59:59
2019-08-10,21:59:59,24.63,7.8799,10.81,2019-08-10 21:59:59
2019-08-10,22:59:59,22.48,7.9233,10.8,2019-08-10 22:59:59
2019-08-11,01:59:59,22.94,7.9105,10.78,2019-08-11 01:59:59
2019-08-11,02:59:59,22.76,7.8922,10.78,2019-08-11 02:59:59
2019-08-11,03:59:59,22.58,7.9343,10.78,2019-08-11 03:59:59
2019-08-11,04:59:59,22.43,7.9468,10.78,2019-08-11 04:59:59
2019-08-11,05:59:59,22.08,7.9361,10.78,2019-08-11 05:59:59
2019-08-11,06:59:59,21.81,7.9487,10.77,2019-08-11 06:59:59
2019-08-11,07:59:59,21.48,7.8894,10.77,2019-08-11 07:59:59
2019-08-11,08:59:59,21.24,7.8841,10.76,2019-08-11 08:59:59
2019-08-11,09:59:59,20.89,7.8751,10.76,2019-08-11 09:59:59
2019-08-11,10:59:59,20.65,7.8353,10.76,2019-08-11 10:59:59
2019-08-11,11:59:59,19.89,7.8126,10.75,2019-08-11 11:59:59
2019-08-11,12:59:59,19.62,7.7794,10.74,2019-08-11 12:59:59
2019-08-11,13:59:59,20.38,7.7609,10.74,2019-08-11 13:59:59
2019-08-11,14:59:59,21.04,7.7811,10.74,2019-08-11 14:59:59
2019-08-11,15:59:59,21.96,7.9071,10.75,2019-08-11 15:59:59
2019-08-11,16:59:59,22.94,7.9555,10.76,2019-08-11 16:59:59
2019-08-11,17:59:59,23.86,7.9324,10.77,2019-08-11 17:59:59
2019-08-11,18:59:59,24.79,7.9028,10.79,2019-08-11 18:59:59
2019-08-11,19:59:59,25.15,7.9183,10.8,2019-08-11 19:59:59
2019-08-11,20:59:59,25.66,7.9801,10.8,2019-08-11 20:59:59
2019-08-11,21:59:59,25.95,7.9377,10.8,2019-08-11 21:59:59
2019-08-11,22:59:59,25.42,7.907,10.8,2019-08-11 22:59:59
2019-08-11,23:59:59,22.33,7.9516,10.79,2019-08-11 23:59:59
2019-08-12,00:59:59,22.94,8.0164,10.78,2019-08-12 00:59:59
2019-08-12,01:59:59,22.99,8.0149,10.77,2019-08-12 01:59:59
2019-08-12,02:59:59,22.89,7.9548,10.77,2019-08-12 02:59:59
2019-08-12,03:59:59,22.74,7.8919,10.77,2019-08-12 03:59:59
2019-08-12,04:59:59,22.53,8.03,10.76,2019-08-12 04:59:59
2019-08-12,05:59:59,22.36,8.052,10.76,2019-08-12 05:59:59
2019-08-12,06:59:59,22.16,8.0425,10.76,2019-08-12 06:59:59
2019-08-12,07:59:59,22.01,8.0071,10.75,2019-08-12 07:59:59
2019-08-12,08:59:59,21.86,8.0192,10.75,2019-08-12 08:59:59
2019-08-12,09:59:59,21.71,7.9964,10.75,2019-08-12 09:59:59
2019-08-12,10:59:59,21.53,7.9562,10.75,2019-08-12 10:59:59
2019-08-12,11:59:59,21.44,7.9497,10.74,2019-08-12 11:59:59
2019-08-12,12:59:59,21.66,7.919,10.74,2019-08-12 12:59:59
2019-08-12,13:59:59,21.29,7.8459,10.74,2019-08-12 13:59:59
2019-08-12,15:59:59,23.01,7.8427,10.75,2019-08-12 15:59:59
2019-08-12,16:59:59,23.86,7.8928,10.76,2019-08-12 16:59:59
2019-08-12,17:59:59,24.61,7.9438,10.77,2019-08-12 17:59:59
2019-08-12,18:59:59,24.92,7.9393,10.77,2019-08-12 18:59:59
2019-08-12,19:59:59,25.02,7.9247,10.77,2019-08-12 19:59:59
2019-08-12,20:59:59,25.23,7.9306,10.78,2019-08-12 20:59:59
2019-08-12,21:59:59,25.15,7.9787,10.78,2019-08-12 21:59:59
2019-08-12,22:59:59,24.97,8.0005,10.78,2019-08-12 22:59:59
2019-08-12,23:59:59,24.68,8.0134,10.78,2019-08-12 23:59:59
2019-08-13,00:59:59,22.48,7.9737,10.76,2019-08-13 00:59:59
2019-08-13,01:59:59,22.66,8.0016,10.75,2019-08-13 01:59:59
2019-08-13,02:59:59,22.11,7.9843,10.74,2019-08-13 02:59:59
2019-08-13,03:59:59,22.61,7.9281,10.74,2019-08-13 03:59:59
2019-08-13,04:59:59,22.48,7.9025,10.74,2019-08-13 04:59:59
2019-08-13,05:59:59,22.28,7.9295,10.74,2019-08-13 05:59:59
2019-08-13,06:59:59,22.11,7.9454,10.74,2019-08-13 06:59:59
2019-08-13,07:59:59,22.01,7.9451,10.74,2019-08-13 07:59:59
2019-08-13,08:59:59,21.93,7.924,10.73,2019-08-13 08:59:59
2019-08-13,09:59:59,21.86,7.8907,10.73,2019-08-13 09:59:59
2019-08-13,10:59:59,21.86,7.8915,10.73,2019-08-13 10:59:59
2019-08-13,11:59:59,21.96,7.8725,10.73,2019-08-13 11:59:59
2019-08-13,12:59:59,22.31,7.795,10.73,2019-08-13 12:59:59
2019-08-13,13:59:59,21.21,7.8252,10.73,2019-08-13 13:59:59
2019-08-13,14:59:59,21.44,7.8493,10.72,2019-08-13 14:59:59
2019-08-13,15:59:59,22.23,7.8251,10.72,2019-08-13 15:59:59
2019-08-13,16:59:59,22.21,7.8394,10.73,2019-08-13 16:59:59
2019-08-13,17:59:59,22.16,7.9493,10.73,2019-08-13 17:59:59
2019-08-13,18:59:59,22.08,8.0235,10.73,2019-08-13 18:59:59
2019-08-13,19:59:59,22.13,7.9642,10.73,2019-08-13 19:59:59
2019-08-13,20:59:59,22.13,8.03,10.72,2019-08-13 20:59:59
2019-08-13,21:59:59,22.18,8.0083,10.72,2019-08-13 21:59:59
2019-08-13,22:59:59,22.13,7.9952,10.72,2019-08-13 22:59:59
2019-08-13,23:59:59,22.23,7.9423,10.72,2019-08-13 23:59:59
2019-08-14,00:59:59,22.16,7.9119,10.72,2019-08-14 00:59:59
2019-08-14,01:59:59,20.77,7.9134,10.71,2019-08-14 01:59:59
2019-08-14,02:59:59,20.7,7.9251,10.7,2019-08-14 02:59:59
2019-08-14,03:59:59,20.77,7.9649,10.7,2019-08-14 03:59:59
2019-08-14,04:59:59,21.02,7.8873,10.7,2019-08-14 04:59:59
2019-08-14,05:59:59,21.19,7.8227,10.7,2019-08-14 05:59:59
2019-08-14,06:59:59,21.16,7.9435,10.7,2019-08-14 06:59:59
2019-08-14,07:59:59,21.14,7.9371,10.7,2019-08-14 07:59:59
2019-08-14,08:59:59,21.11,7.9458,10.7,2019-08-14 08:59:59
2019-08-14,09:59:59,21.11,8.0086,10.7,2019-08-14 09:59:59
2019-08-14,10:59:59,21.06,7.909,10.7,2019-08-14 10:59:59
2019-08-14,11:59:59,21.04,7.8764,10.7,2019-08-14 11:59:59
2019-08-14,12:59:59,21.06,7.8601,10.69,2019-08-14 12:59:59
2019-08-14,13:59:59,21.14,7.8741,10.69,2019-08-14 13:59:59
2019-08-14,14:59:59,20.43,7.8552,10.69,2019-08-14 14:59:59
2019-08-14,15:59:59,20.74,7.8612,10.69,2019-08-14 15:59:59
2019-08-14,16:59:59,21.29,7.8308,10.69,2019-08-14 16:59:59
2019-08-14,17:59:59,21.34,7.8463,10.69,2019-08-14 17:59:59
2019-08-14,18:59:59,21.71,7.9541,10.69,2019-08-14 18:59:59
2019-08-14,19:59:59,21.88,7.9934,10.7,2019-08-14 19:59:59
2019-08-14,20:59:59,21.83,7.9993,10.69,2019-08-14 20:59:59
2019-08-14,21:59:59,21.83,8.0035,10.7,2019-08-14 21:59:59
2019-08-14,22:59:59,21.73,8.0026,10.7,2019-08-14 22:59:59
2019-08-14,23:59:59,21.66,7.995,10.69,2019-08-14 23:59:59
2019-08-15,00:59:59,21.58,7.9859,10.69,2019-08-15 00:59:59
2019-08-15,01:59:59,20.7,7.9492,10.69,2019-08-15 01:59:59
2019-08-15,02:59:59,20.52,7.9722,10.68,2019-08-15 02:59:59
2019-08-15,03:59:59,20.3,7.9625,10.68,2019-08-15 03:59:59
2019-08-15,04:59:59,20.6,7.9467,10.67,2019-08-15 04:59:59
2019-08-15,05:59:59,20.55,7.8992,10.67,2019-08-15 05:59:59
2019-08-15,06:59:59,20.52,7.8984,10.67,2019-08-15 06:59:59
2019-08-15,07:59:59,20.52,7.9523,10.67,2019-08-15 07:59:59
2019-08-15,08:59:59,20.5,8.0028,10.66,2019-08-15 08:59:59
2019-08-15,09:59:59,20.47,7.9479,10.67,2019-08-15 09:59:59
2019-08-15,10:59:59,20.45,7.9224,10.66,2019-08-15 10:59:59
2019-08-15,11:59:59,20.43,7.9092,10.66,2019-08-15 11:59:59
2019-08-15,12:59:59,20.57,7.8956,10.66,2019-08-15 12:59:59
2019-08-15,13:59:59,21.39,7.8996,10.67,2019-08-15 13:59:59
2019-08-15,14:59:59,22.76,7.9232,10.68,2019-08-15 14:59:59
2019-08-15,15:59:59,21.41,7.9265,10.68,2019-08-15 15:59:59
2019-08-15,16:59:59,22.33,7.9265,10.68,2019-08-15 16:59:59
2019-08-15,17:59:59,23.34,7.9044,10.68,2019-08-15 17:59:59
2019-08-15,18:59:59,24.22,7.9128,10.69,2019-08-15 18:59:59
2019-08-15,19:59:59,24.53,7.9903,10.7,2019-08-15 19:59:59
2019-08-15,20:59:59,24.81,7.9905,10.71,2019-08-15 20:59:59
2019-08-15,21:59:59,25.23,8.006,10.72,2019-08-15 21:59:59
2019-08-15,22:59:59,24.95,8.0343,10.72,2019-08-15 22:59:59
2019-08-15,23:59:59,24.74,8.0289,10.72,2019-08-15 23:59:59
2019-08-16,00:59:59,24.48,8.0004,10.71,2019-08-16 00:59:59
2019-08-16,01:59:59,24.22,7.989,10.7,2019-08-16 01:59:59
2019-08-16,03:59:59,21.66,7.9754,10.68,2019-08-16 03:59:59
2019-08-16,04:59:59,21.04,7.9764,10.67,2019-08-16 04:59:59
2019-08-16,05:59:59,21.81,7.9151,10.66,2019-08-16 05:59:59
2019-08-16,06:59:59,21.71,7.8913,10.66,2019-08-16 06:59:59
2019-08-16,07:59:59,21.63,7.8947,10.66,2019-08-16 07:59:59
2019-08-16,08:59:59,21.58,7.8838,10.66,2019-08-16 08:59:59
2019-08-16,09:59:59,21.51,7.8746,10.66,2019-08-16 09:59:59
2019-08-16,10:59:59,21.41,7.8506,10.66,2019-08-16 10:59:59
2019-08-16,11:59:59,21.41,7.8376,10.65,2019-08-16 11:59:59
2019-08-16,12:59:59,21.58,7.8421,10.65,2019-08-16 12:59:59
2019-08-16,13:59:59,22.31,7.8248,10.66,2019-08-16 13:59:59
2019-08-16,14:59:59,23.57,7.8328,10.67,2019-08-16 14:59:59
2019-08-16,15:59:59,21.86,7.893,10.66,2019-08-16 15:59:59
2019-08-16,16:59:59,22.13,7.9227,10.66,2019-08-16 16:59:59
2019-08-16,17:59:59,22.89,7.9266,10.66,2019-08-16 17:59:59
2019-08-16,18:59:59,24.68,7.8738,10.67,2019-08-16 18:59:59
2019-08-16,19:59:59,23.65,7.9247,10.68,2019-08-16 19:59:59
2019-08-16,20:59:59,24.11,7.9622,10.68,2019-08-16 20:59:59
2019-08-16,21:59:59,24.32,7.9615,10.68,2019-08-16 21:59:59
2019-08-16,22:59:59,24.35,7.9588,10.68,2019-08-16 22:59:59
2019-08-16,23:59:59,24.24,7.9497,10.68,2019-08-16 23:59:59
2019-08-17,00:59:59,24.14,7.9179,10.68,2019-08-17 00:59:59
2019-08-17,01:59:59,24.04,7.9052,10.68,2019-08-17 01:59:59
2019-08-17,02:59:59,23.88,7.8765,10.67,2019-08-17 02:59:59
2019-08-17,03:59:59,21.19,7.9491,10.66,2019-08-17 03:59:59
2019-08-17,04:59:59,21.34,7.9701,10.64,2019-08-17 04:59:59
2019-08-17,06:59:59,21.63,7.9222,10.63,2019-08-17 06:59:59
2019-08-17,07:59:59,21.78,7.8877,10.63,2019-08-17 07:59:59
2019-08-17,08:59:59,21.63,7.8802,10.64,2019-08-17 08:59:59
2019-08-17,09:59:59,21.61,7.8587,10.63,2019-08-17 09:59:59
2019-08-17,10:59:59,21.56,7.8499,10.63,2019-08-17 10:59:59
2019-08-17,11:59:59,21.53,7.847,10.63,2019-08-17 11:59:59
2019-08-17,12:59:59,21.58,7.8229,10.63,2019-08-17 12:59:59
2019-08-17,13:59:59,21.86,7.8322,10.63,2019-08-17 13:59:59
2019-08-17,14:59:59,22.38,7.8303,10.63,2019-08-17 14:59:59
2019-08-17,15:59:59,22.96,7.8356,10.64,2019-08-17 15:59:59
2019-08-17,16:59:59,20.89,7.9667,10.62,2019-08-17 16:59:59
2019-08-17,17:59:59,21.46,7.9885,10.62,2019-08-17 17:59:59
2019-08-17,18:59:59,21.86,7.9854,10.62,2019-08-17 18:59:59
2019-08-17,19:59:59,22.79,7.9757,10.63,2019-08-17 19:59:59
2019-08-17,20:59:59,22.91,8.004,10.63,2019-08-17 20:59:59
2019-08-17,21:59:59,23.09,7.9939,10.63,2019-08-17 21:59:59
2019-08-17,22:59:59,23.32,7.981,10.63,2019-08-17 22:59:59
2019-08-17,23:59:59,23.5,7.992,10.63,2019-08-17 23:59:59
2019-08-18,00:59:59,23.45,7.9582,10.64,2019-08-18 00:59:59
2019-08-18,01:59:59,23.4,7.9356,10.64,2019-08-18 01:59:59
2019-08-18,02:59:59,23.29,7.9168,10.64,2019-08-18 02:59:59
2019-08-18,03:59:59,23.19,7.9093,10.63,2019-08-18 03:59:59
2019-08-18,04:59:59,20.7,7.9765,10.61,2019-08-18 04:59:59
2019-08-18,05:59:59,20.38,7.972,10.6,2019-08-18 05:59:59
2019-08-18,06:59:59,20.92,7.9301,10.59,2019-08-18 06:59:59
2019-08-18,07:59:59,21.68,7.9039,10.59,2019-08-18 07:59:59
2019-08-18,08:59:59,21.16,7.9373,10.6,2019-08-18 08:59:59
2019-08-18,09:59:59,21.24,7.9441,10.59,2019-08-18 09:59:59
2019-08-18,10:59:59,21.39,7.9347,10.6,2019-08-18 10:59:59
2019-08-18,11:59:59,21.41,7.9215,10.6,2019-08-18 11:59:59
2019-08-18,12:59:59,21.66,7.899,10.6,2019-08-18 12:59:59
2019-08-18,13:59:59,21.91,7.9082,10.6,2019-08-18 13:59:59
2019-08-18,14:59:59,22.74,7.8852,10.61,2019-08-18 14:59:59
2019-08-18,15:59:59,23.63,7.8918,10.62,2019-08-18 15:59:59
2019-08-18,16:59:59,22.81,7.9087,10.63,2019-08-18 16:59:59
2019-08-18,17:59:59,22.96,7.9642,10.62,2019-08-18 17:59:59
2019-08-18,18:59:59,23.17,7.9682,10.62,2019-08-18 18:59:59
2019-08-18,19:59:59,23.68,7.9557,10.62,2019-08-18 19:59:59
2019-08-18,20:59:59,24.37,7.9529,10.62,2019-08-18 20:59:59
2019-08-18,21:59:59,24.19,7.956,10.63,2019-08-18 21:59:59
2019-08-18,22:59:59,24.5,7.9347,10.63,2019-08-18 22:59:59
2019-08-18,23:59:59,24.42,7.9205,10.63,2019-08-18 23:59:59
2019-08-19,00:59:59,24.45,7.9168,10.62,2019-08-19 00:59:59
2019-08-19,01:59:59,24.48,7.8851,10.62,2019-08-19 01:59:59
2019-08-19,02:59:59,24.45,7.8846,10.62,2019-08-19 02:59:59
2019-08-19,03:59:59,24.4,7.873,10.62,2019-08-19 03:59:59
2019-08-19,04:59:59,21.71,7.8969,10.62,2019-08-19 04:59:59
2019-08-19,05:59:59,21.86,7.9133,10.59,2019-08-19 05:59:59
2019-08-19,06:59:59,21.83,7.8994,10.58,2019-08-19 06:59:59
2019-08-19,07:59:59,22.18,7.8531,10.58,2019-08-19 07:59:59
2019-08-19,08:59:59,22.58,7.8139,10.59,2019-08-19 08:59:59
2019-08-19,09:59:59,22.86,7.8395,10.59,2019-08-19 09:59:59
2019-08-19,10:59:59,22.96,7.8539,10.59,2019-08-19 10:59:59
2019-08-19,11:59:59,23.09,7.8011,10.59,2019-08-19 11:59:59
2019-08-19,12:59:59,23.37,7.7823,10.59,2019-08-19 12:59:59
2019-08-19,13:59:59,24.04,7.7668,10.6,2019-08-19 13:59:59
2019-08-19,14:59:59,24.87,7.7598,10.6,2019-08-19 14:59:59
2019-08-19,15:59:59,26.32,7.7558,10.61,2019-08-19 15:59:59
2019-08-19,16:59:59,26.8,7.7655,10.62,2019-08-19 16:59:59
2019-08-19,17:59:59,23.14,7.8919,10.61,2019-08-19 17:59:59
2019-08-19,18:59:59,23.93,7.91,10.6,2019-08-19 18:59:59
2019-08-19,19:59:59,24.32,7.9162,10.59,2019-08-19 19:59:59
2019-08-19,20:59:59,25.42,7.9038,10.61,2019-08-19 20:59:59
2019-08-19,21:59:59,26.45,7.8755,10.62,2019-08-19 21:59:59
2019-08-19,22:59:59,26.19,7.8744,10.62,2019-08-19 22:59:59
2019-08-19,23:59:59,25.87,7.8566,10.62,2019-08-19 23:59:59
2019-08-20,00:59:59,25.66,7.8614,10.61,2019-08-20 00:59:59
2019-08-20,01:59:59,25.47,7.8396,10.61,2019-08-20 01:59:59
2019-08-20,02:59:59,25.29,7.8273,10.6,2019-08-20 02:59:59
2019-08-20,03:59:59,25.08,7.7681,10.6,2019-08-20 03:59:59
2019-08-20,04:59:59,24.92,7.7642,10.6,2019-08-20 04:59:59
2019-08-20,06:59:59,22.23,7.8074,10.56,2019-08-20 06:59:59
2019-08-20,07:59:59,22.48,7.7742,10.55,2019-08-20 07:59:59
2019-08-20,08:59:59,22.71,7.7359,10.55,2019-08-20 08:59:59
2019-08-20,09:59:59,22.71,7.7626,10.55,2019-08-20 09:59:59
2019-08-20,10:59:59,22.66,7.7326,10.55,2019-08-20 10:59:59
2019-08-20,11:59:59,22.69,7.6988,10.55,2019-08-20 11:59:59
2019-08-20,12:59:59,22.94,7.6973,10.55,2019-08-20 12:59:59
2019-08-20,13:59:59,23.78,7.6725,10.56,2019-08-20 13:59:59
2019-08-20,14:59:59,24.5,7.664,10.56,2019-08-20 14:59:59
2019-08-20,15:59:59,25.39,7.6561,10.57,2019-08-20 15:59:59
2019-08-20,16:59:59,26.29,7.6613,10.58,2019-08-20 16:59:59
2019-08-20,17:59:59,27.46,7.6586,10.59,2019-08-20 17:59:59
2019-08-20,18:59:59,25.0,7.9051,10.56,2019-08-20 18:59:59
2019-08-20,19:59:59,25.34,7.9175,10.56,2019-08-20 19:59:59
2019-08-20,20:59:59,26.32,7.8712,10.56,2019-08-20 20:59:59
2019-08-20,21:59:59,26.0,7.9092,10.57,2019-08-20 21:59:59
2019-08-20,22:59:59,25.97,7.9043,10.57,2019-08-20 22:59:59
2019-08-20,23:59:59,25.84,7.8778,10.57,2019-08-20 23:59:59
2019-08-21,00:59:59,25.68,7.8459,10.57,2019-08-21 00:59:59
2019-08-21,01:59:59,25.47,7.8243,10.56,2019-08-21 01:59:59
2019-08-21,02:59:59,25.31,7.7983,10.56,2019-08-21 02:59:59
2019-08-21,03:59:59,25.13,7.7892,10.55,2019-08-21 03:59:59
2019-08-21,04:59:59,24.97,7.7711,10.55,2019-08-21 04:59:59
2019-08-21,05:59:59,24.79,7.7254,10.55,2019-08-21 05:59:59
2019-08-21,06:59:59,21.36,7.867,10.52,2019-08-21 06:59:59
2019-08-21,07:59:59,21.83,7.8743,10.5,2019-08-21 07:59:59
2019-08-21,08:59:59,22.01,7.8198,10.5,2019-08-21 08:59:59
2019-08-21,09:59:59,22.38,7.8128,10.5,2019-08-21 09:59:59
2019-08-21,10:59:59,22.18,7.8604,10.5,2019-08-21 10:59:59
2019-08-21,11:59:59,22.23,7.856,10.5,2019-08-21 11:59:59
2019-08-21,12:59:59,22.38,7.8407,10.5,2019-08-21 12:59:59
2019-08-21,13:59:59,22.81,7.7947,10.5,2019-08-21 13:59:59
2019-08-21,14:59:59,23.32,7.7923,10.5,2019-08-21 14:59:59
2019-08-21,15:59:59,23.86,7.7879,10.51,2019-08-21 15:59:59
2019-08-21,16:59:59,23.99,7.7769,10.51,2019-08-21 16:59:59
2019-08-21,17:59:59,24.55,7.7989,10.52,2019-08-21 17:59:59
2019-08-21,18:59:59,21.63,7.9375,10.48,2019-08-21 18:59:59
2019-08-21,19:59:59,22.03,7.9487,10.48,2019-08-21 19:59:59
2019-08-21,20:59:59,22.38,7.9582,10.47,2019-08-21 20:59:59
2019-08-21,21:59:59,23.86,7.9227,10.48,2019-08-21 21:59:59
2019-08-21,22:59:59,23.93,7.9249,10.49,2019-08-21 22:59:59
2019-08-21,23:59:59,23.63,7.9199,10.5,2019-08-21 23:59:59
2019-08-22,00:59:59,23.57,7.9032,10.49,2019-08-22 00:59:59
2019-08-22,01:59:59,23.55,7.8736,10.49,2019-08-22 01:59:59
2019-08-22,02:59:59,23.57,7.8406,10.49,2019-08-22 02:59:59
2019-08-22,03:59:59,23.47,7.8142,10.49,2019-08-22 03:59:59
2019-08-22,04:59:59,23.32,7.7948,10.49,2019-08-22 04:59:59
2019-08-22,05:59:59,23.24,7.7756,10.48,2019-08-22 05:59:59
2019-08-22,06:59:59,23.24,7.7457,10.48,2019-08-22 06:59:59
2019-08-22,07:59:59,21.61,7.8176,10.46,2019-08-22 07:59:59
2019-08-22,08:59:59,22.21,7.7793,10.46,2019-08-22 08:59:59
2019-08-22,09:59:59,22.13,7.7557,10.46,2019-08-22 09:59:59
2019-08-22,10:59:59,22.11,7.7771,10.46,2019-08-22 10:59:59
2019-08-22,11:59:59,22.48,7.8027,10.46,2019-08-22 11:59:59
2019-08-22,12:59:59,22.89,7.7899,10.46,2019-08-22 12:59:59
2019-08-22,13:59:59,23.4,7.7832,10.46,2019-08-22 13:59:59
2019-08-22,14:59:59,24.19,7.7548,10.47,2019-08-22 14:59:59
2019-08-22,15:59:59,26.03,7.7539,10.48,2019-08-22 15:59:59
2019-08-22,16:59:59,26.78,7.7398,10.49,2019-08-22 16:59:59
2019-08-22,17:59:59,27.54,7.7375,10.51,2019-08-22 17:59:59
2019-08-22,18:59:59,28.11,7.7866,10.51,2019-08-22 18:59:59
2019-08-22,19:59:59,22.86,7.9332,10.48,2019-08-22 19:59:59
2019-08-22,21:59:59,24.55,7.9261,10.46,2019-08-22 21:59:59
2019-08-22,22:59:59,24.63,7.9298,10.46,2019-08-22 22:59:59
2019-08-22,23:59:59,25.23,7.9115,10.47,2019-08-22 23:59:59
2019-08-23,00:59:59,24.95,7.9193,10.47,2019-08-23 00:59:59
2019-08-23,01:59:59,24.76,7.9149,10.47,2019-08-23 01:59:59
2019-08-23,02:59:59,24.58,7.8961,10.46,2019-08-23 02:59:59
2019-08-23,03:59:59,24.45,7.8586,10.46,2019-08-23 03:59:59
2019-08-23,04:59:59,24.35,7.8406,10.46,2019-08-23 04:59:59
2019-08-23,05:59:59,24.17,7.8485,10.45,2019-08-23 05:59:59
2019-08-23,06:59:59,24.04,7.8087,10.44,2019-08-23 06:59:59
2019-08-23,07:59:59,22.46,7.7824,10.44,2019-08-23 07:59:59
2019-08-23,08:59:59,21.88,7.7675,10.42,2019-08-23 08:59:59
2019-08-23,09:59:59,22.71,7.7221,10.41,2019-08-23 09:59:59
2019-08-23,10:59:59,22.46,7.7261,10.41,2019-08-23 10:59:59
2019-08-23,11:59:59,22.43,7.7373,10.41,2019-08-23 11:59:59
2019-08-23,12:59:59,22.46,7.7538,10.4,2019-08-23 12:59:59
2019-08-23,13:59:59,22.36,7.7126,10.4,2019-08-23 13:59:59
2019-08-23,14:59:59,22.31,7.7468,10.4,2019-08-23 14:59:59
2019-08-23,15:59:59,22.26,7.7245,10.4,2019-08-23 15:59:59
2019-08-23,16:59:59,22.38,7.7228,10.4,2019-08-23 16:59:59
2019-08-23,17:59:59,22.66,7.7361,10.4,2019-08-23 17:59:59
2019-08-23,18:59:59,23.07,7.7632,10.4,2019-08-23 18:59:59
2019-08-23,19:59:59,22.21,7.8098,10.4,2019-08-23 19:59:59
2019-08-23,20:59:59,21.71,7.9167,10.38,2019-08-23 20:59:59
2019-08-23,21:59:59,22.23,7.902,10.37,2019-08-23 21:59:59
2019-08-23,22:59:59,22.26,7.8702,10.37,2019-08-23 22:59:59
2019-08-24,00:59:59,22.08,7.8699,10.37,2019-08-24 00:59:59
2019-08-24,01:59:59,22.01,7.9045,10.37,2019-08-24 01:59:59
2019-08-24,02:59:59,21.93,7.8566,10.37,2019-08-24 02:59:59
2019-08-24,03:59:59,21.73,7.842,10.37,2019-08-24 03:59:59
2019-08-24,04:59:59,21.46,7.8344,10.36,2019-08-24 04:59:59
2019-08-24,05:59:59,21.24,7.8201,10.35,2019-08-24 05:59:59
2019-08-24,06:59:59,20.99,7.7986,10.35,2019-08-24 06:59:59
2019-08-24,07:59:59,20.74,7.777,10.35,2019-08-24 07:59:59
2019-08-24,08:59:59,20.5,7.7599,10.34,2019-08-24 08:59:59
2019-08-24,09:59:59,19.14,7.7321,10.32,2019-08-24 09:59:59
2019-08-24,10:59:59,19.43,7.7075,10.31,2019-08-24 10:59:59
2019-08-24,11:59:59,19.45,7.7141,10.31,2019-08-24 11:59:59
2019-08-24,12:59:59,19.79,7.7456,10.31,2019-08-24 12:59:59
2019-08-24,13:59:59,20.38,7.7708,10.31,2019-08-24 13:59:59
2019-08-24,14:59:59,21.26,7.7742,10.32,2019-08-24 14:59:59
2019-08-24,15:59:59,22.26,7.7731,10.33,2019-08-24 15:59:59
2019-08-24,16:59:59,23.04,7.7557,10.34,2019-08-24 16:59:59
2019-08-24,17:59:59,23.93,7.786,10.36,2019-08-24 17:59:59
2019-08-24,18:59:59,24.89,7.804,10.37,2019-08-24 18:59:59
2019-08-24,19:59:59,25.44,7.8096,10.38,2019-08-24 19:59:59
2019-08-24,20:59:59,22.69,7.9452,10.38,2019-08-24 20:59:59
2019-08-24,21:59:59,22.71,8.0053,10.35,2019-08-24 21:59:59
2019-08-24,22:59:59,22.86,7.9758,10.34,2019-08-24 22:59:59
2019-08-24,23:59:59,23.01,7.9706,10.34,2019-08-24 23:59:59
2019-08-25,00:59:59,22.76,7.9753,10.34,2019-08-25 00:59:59
2019-08-25,01:59:59,22.56,7.9628,10.33,2019-08-25 01:59:59
2019-08-25,02:59:59,22.36,7.9315,10.33,2019-08-25 02:59:59
2019-08-25,03:59:59,21.91,7.9217,10.33,2019-08-25 03:59:59
2019-08-25,04:59:59,21.56,7.9048,10.32,2019-08-25 04:59:59
2019-08-25,05:59:59,21.19,7.8973,10.31,2019-08-25 05:59:59
2019-08-25,06:59:59,20.87,7.8875,10.3,2019-08-25 06:59:59
2019-08-25,07:59:59,20.62,7.8624,10.3,2019-08-25 07:59:59
2019-08-25,08:59:59,20.35,7.862,10.29,2019-08-25 08:59:59
2019-08-25,09:59:59,19.19,7.8152,10.28,2019-08-25 09:59:59
2019-08-25,10:59:59,18.47,7.8345,10.23,2019-08-25 10:59:59
2019-08-25,11:59:59,19.09,7.8302,10.23,2019-08-25 11:59:59
2019-08-25,12:59:59,19.33,7.8289,10.23,2019-08-25 12:59:59
2019-08-25,13:59:59,19.77,7.8456,10.24,2019-08-25 13:59:59
2019-08-25,14:59:59,20.52,7.8569,10.25,2019-08-25 14:59:59
2019-08-25,15:59:59,20.7,7.8877,10.25,2019-08-25 15:59:59
2019-08-25,16:59:59,21.68,7.8926,10.26,2019-08-25 16:59:59
2019-08-25,17:59:59,22.51,7.9162,10.28,2019-08-25 17:59:59
2019-08-25,18:59:59,22.74,7.9399,10.29,2019-08-25 18:59:59
2019-08-25,19:59:59,22.91,7.9456,10.29,2019-08-25 19:59:59
2019-08-25,20:59:59,22.94,7.9409,10.29,2019-08-25 20:59:59
2019-08-25,21:59:59,19.62,8.0487,10.17,2019-08-25 21:59:59
2019-08-25,22:59:59,20.11,8.0362,10.23,2019-08-25 22:59:59
2019-08-25,23:59:59,20.04,8.0085,10.22,2019-08-25 23:59:59
2019-08-26,00:59:59,20.45,8.0132,10.22,2019-08-26 00:59:59
2019-08-26,01:59:59,20.25,7.9881,10.22,2019-08-26 01:59:59
2019-08-26,02:59:59,20.08,7.9921,10.22,2019-08-26 02:59:59
2019-08-26,03:59:59,19.91,7.9779,10.21,2019-08-26 03:59:59
2019-08-26,04:59:59,19.7,7.9836,10.21,2019-08-26 04:59:59
2019-08-26,05:59:59,19.55,7.9718,10.21,2019-08-26 05:59:59
2019-08-26,06:59:59,19.38,7.9548,10.2,2019-08-26 06:59:59
2019-08-26,07:59:59,19.26,7.9416,10.2,2019-08-26 07:59:59
2019-08-26,08:59:59,19.14,7.9318,10.19,2019-08-26 08:59:59
2019-08-26,09:59:59,18.97,7.9252,10.19,2019-08-26 09:59:59
2019-08-26,10:59:59,17.73,7.9081,10.17,2019-08-26 10:59:59
2019-08-26,11:59:59,16.74,7.8937,10.13,2019-08-26 11:59:59
2019-08-26,12:59:59,17.8,7.8777,10.13,2019-08-26 12:59:59
2019-08-26,13:59:59,18.42,7.8849,10.14,2019-08-26 13:59:59
2019-08-26,14:59:59,19.07,7.9043,10.15,2019-08-26 14:59:59
2019-08-26,15:59:59,20.06,7.9183,10.16,2019-08-26 15:59:59
2019-08-26,16:59:59,20.79,7.9429,10.18,2019-08-26 16:59:59
2019-08-26,17:59:59,21.51,7.9451,10.19,2019-08-26 17:59:59
2019-08-26,18:59:59,22.21,7.9716,10.2,2019-08-26 18:59:59
2019-08-26,19:59:59,22.81,7.9522,10.22,2019-08-26 19:59:59
2019-08-26,20:59:59,23.12,7.9765,10.23,2019-08-26 20:59:59
2019-08-26,21:59:59,23.37,7.9821,10.24,2019-08-26 21:59:59
2019-08-26,22:59:59,20.5,8.0536,10.2,2019-08-26 22:59:59
2019-08-26,23:59:59,20.38,8.0535,10.19,2019-08-26 23:59:59
2019-08-27,00:59:59,20.16,8.0329,10.18,2019-08-27 00:59:59
2019-08-27,01:59:59,20.74,8.0325,10.17,2019-08-27 01:59:59
2019-08-27,02:59:59,20.62,8.04,10.17,2019-08-27 02:59:59
2019-08-27,03:59:59,20.5,8.023,10.16,2019-08-27 03:59:59
2019-08-27,04:59:59,20.4,7.9987,10.16,2019-08-27 04:59:59
2019-08-27,05:59:59,20.25,8.006,10.16,2019-08-27 05:59:59
2019-08-27,06:59:59,20.08,7.9799,10.16,2019-08-27 06:59:59
2019-08-27,07:59:59,19.94,7.9693,10.14,2019-08-27 07:59:59
2019-08-27,08:59:59,19.77,7.962,10.13,2019-08-27 08:59:59
2019-08-27,09:59:59,19.6,7.9407,10.13,2019-08-27 09:59:59
2019-08-27,10:59:59,19.43,7.9322,10.12,2019-08-27 10:59:59
2019-08-27,11:59:59,18.11,7.8897,10.08,2019-08-27 11:59:59
2019-08-27,12:59:59,18.02,7.886,10.09,2019-08-27 12:59:59
2019-08-27,13:59:59,18.83,7.904,10.08,2019-08-27 13:59:59
2019-08-27,14:59:59,19.62,7.8921,10.09,2019-08-27 14:59:59
2019-08-27,15:59:59,20.16,7.9108,10.1,2019-08-27 15:59:59
2019-08-27,16:59:59,21.02,7.9079,10.12,2019-08-27 16:59:59
2019-08-27,17:59:59,21.29,7.9282,10.13,2019-08-27 17:59:59
2019-08-27,18:59:59,21.61,7.9639,10.14,2019-08-27 18:59:59
2019-08-27,19:59:59,21.71,7.9743,10.14,2019-08-27 19:59:59
2019-08-27,20:59:59,21.73,7.9746,10.15,2019-08-27 20:59:59
2019-08-27,21:59:59,21.86,7.9743,10.15,2019-08-27 21:59:59
2019-08-27,22:59:59,21.83,7.9788,10.15,2019-08-27 22:59:59
2019-08-28,00:59:59,20.11,8.0159,10.04,2019-08-28 00:59:59
2019-08-28,01:59:59,20.13,8.0325,10.04,2019-08-28 01:59:59
2019-08-28,02:59:59,20.3,7.9924,10.05,2019-08-28 02:59:59
2019-08-28,03:59:59,20.21,7.9677,10.05,2019-08-28 03:59:59
2019-08-28,04:59:59,20.16,7.9807,10.04,2019-08-28 04:59:59
2019-08-28,05:59:59,20.11,7.966,10.05,2019-08-28 05:59:59
2019-08-28,06:59:59,20.06,7.9387,10.06,2019-08-28 06:59:59
2019-08-28,07:59:59,20.01,7.9457,10.05,2019-08-28 07:59:59
2019-08-28,08:59:59,19.94,7.9297,10.07,2019-08-28 08:59:59
2019-08-28,09:59:59,19.87,7.9296,10.08,2019-08-28 09:59:59
2019-08-28,10:59:59,19.77,7.9029,10.05,2019-08-28 10:59:59
2019-08-28,11:59:59,19.72,7.9033,10.05,2019-08-28 11:59:59
2019-08-28,13:59:59,19.21,7.8744,10.0,2019-08-28 13:59:59
2019-08-28,14:59:59,19.55,7.8993,10.01,2019-08-28 14:59:59
2019-08-28,15:59:59,20.33,7.8806,10.02,2019-08-28 15:59:59
2019-08-28,16:59:59,20.52,7.9147,10.03,2019-08-28 16:59:59
2019-08-28,17:59:59,20.67,7.9107,10.04,2019-08-28 17:59:59
2019-08-28,18:59:59,20.87,7.9291,10.06,2019-08-28 18:59:59
2019-08-28,19:59:59,20.99,7.9285,10.07,2019-08-28 19:59:59
2019-08-28,20:59:59,21.16,7.9341,10.07,2019-08-28 20:59:59
2019-08-28,21:59:59,21.53,7.96,10.07,2019-08-28 21:59:59
2019-08-28,22:59:59,21.46,7.927,10.08,2019-08-28 22:59:59
2019-08-28,23:59:59,21.53,7.9462,10.08,2019-08-28 23:59:59
2019-08-29,00:59:59,20.38,7.9904,10.07,2019-08-29 00:59:59
2019-08-29,01:59:59,19.72,7.9938,10.03,2019-08-29 01:59:59
2019-08-29,02:59:59,19.82,7.9854,10.03,2019-08-29 02:59:59
2019-08-29,03:59:59,20.25,7.9467,10.03,2019-08-29 03:59:59
2019-08-29,04:59:59,20.3,7.9276,10.03,2019-08-29 04:59:59
2019-08-29,05:59:59,21.11,7.9121,10.04,2019-08-29 05:59:59
2019-08-29,06:59:59,21.26,7.9363,10.05,2019-08-29 06:59:59
2019-08-29,07:59:59,20.82,7.8871,10.05,2019-08-29 07:59:59
2019-08-29,08:59:59,20.99,7.9133,10.05,2019-08-29 08:59:59
2019-08-29,09:59:59,20.84,7.8839,10.05,2019-08-29 09:59:59
2019-08-29,10:59:59,21.02,7.8793,10.05,2019-08-29 10:59:59
2019-08-29,11:59:59,21.11,7.8782,10.05,2019-08-29 11:59:59
2019-08-29,12:59:59,21.04,7.8662,10.05,2019-08-29 12:59:59
2019-08-29,13:59:59,20.21,7.7296,10.02,2019-08-29 13:59:59
2019-08-29,14:59:59,20.16,7.7793,10.02,2019-08-29 14:59:59
2019-08-29,15:59:59,20.65,7.7756,10.02,2019-08-29 15:59:59
2019-08-29,16:59:59,20.94,7.7455,10.03,2019-08-29 16:59:59
2019-08-29,17:59:59,21.71,7.7768,10.03,2019-08-29 17:59:59
2019-08-29,18:59:59,22.33,7.7867,10.05,2019-08-29 18:59:59
2019-08-29,19:59:59,23.12,7.8069,10.06,2019-08-29 19:59:59
2019-08-29,20:59:59,23.12,7.8033,10.07,2019-08-29 20:59:59
2019-08-29,21:59:59,23.4,7.8475,10.07,2019-08-29 21:59:59
2019-08-29,22:59:59,23.37,7.8479,10.07,2019-08-29 22:59:59
2019-08-29,23:59:59,23.22,7.8395,10.07,2019-08-29 23:59:59
2019-08-30,00:59:59,23.09,7.8361,10.07,2019-08-30 00:59:59
2019-08-30,01:59:59,21.86,7.8996,9.93,2019-08-30 01:59:59
2019-08-30,02:59:59,20.77,7.9363,9.92,2019-08-30 02:59:59
2019-08-30,03:59:59,20.94,7.9329,9.92,2019-08-30 03:59:59
2019-08-30,04:59:59,21.06,7.8991,9.92,2019-08-30 04:59:59
2019-08-30,05:59:59,21.24,7.8799,9.92,2019-08-30 05:59:59
2019-08-30,06:59:59,21.02,7.882,9.92,2019-08-30 06:59:59
2019-08-30,07:59:59,20.89,7.8872,9.92,2019-08-30 07:59:59
2019-08-30,08:59:59,20.67,7.8842,9.92,2019-08-30 08:59:59
2019-08-30,09:59:59,20.55,7.8515,9.92,2019-08-30 09:59:59
2019-08-30,10:59:59,20.45,7.8441,9.92,2019-08-30 10:59:59
2019-08-30,11:59:59,20.38,7.8235,9.91,2019-08-30 11:59:59
2019-08-30,12:59:59,20.55,7.8152,9.91,2019-08-30 12:59:59
2019-08-30,13:59:59,21.36,7.8182,9.91,2019-08-30 13:59:59
2019-08-30,14:59:59,20.55,7.8247,9.73,2019-08-30 14:59:59
2019-08-30,15:59:59,21.16,7.8766,9.76,2019-08-30 15:59:59
2019-08-30,16:59:59,21.39,7.8658,9.78,2019-08-30 16:59:59
2019-08-30,17:59:59,22.23,7.8499,9.81,2019-08-30 17:59:59
2019-08-30,18:59:59,22.58,7.8864,9.84,2019-08-30 18:59:59
2019-08-30,19:59:59,23.07,7.9164,9.87,2019-08-30 19:59:59
2019-08-30,20:59:59,23.09,7.9213,9.89,2019-08-30 20:59:59
2019-08-30,21:59:59,23.07,7.9311,9.91,2019-08-30 21:59:59
2019-08-30,22:59:59,22.86,7.9326,9.92,2019-08-30 22:59:59
2019-08-30,23:59:59,22.61,7.9216,9.93,2019-08-30 23:59:59
2019-08-31,00:59:59,22.41,7.9056,9.92,2019-08-31 00:59:59
2019-08-31,01:59:59,22.28,7.9033,9.91,2019-08-31 01:59:59
2019-08-31,02:59:59,21.61,7.9089,9.66,2019-08-31 02:59:59
2019-08-31,03:59:59,21.21,7.9536,9.69,2019-08-31 03:59:59
2019-08-31,04:59:59,21.14,7.95,9.7,2019-08-31 04:59:59
2019-08-31,05:59:59,21.44,7.9034,9.72,2019-08-31 05:59:59
2019-08-31,06:59:59,21.36,7.8839,9.72,2019-08-31 06:59:59
2019-08-31,07:59:59,21.34,7.874,9.74,2019-08-31 07:59:59
2019-08-31,08:59:59,21.29,7.8747,9.75,2019-08-31 08:59:59
2019-08-31,09:59:59,21.24,7.8805,9.75,2019-08-31 09:59:59
2019-08-31,10:59:59,21.16,7.8665,9.78,2019-08-31 10:59:59
2019-08-31,11:59:59,21.09,7.8296,9.78,2019-08-31 11:59:59
2019-08-31,12:59:59,21.09,7.8244,9.78,2019-08-31 12:59:59
2019-08-31,13:59:59,21.44,7.8146,9.79,2019-08-31 13:59:59
2019-08-31,14:59:59,21.53,7.7902,9.81,2019-08-31 14:59:59
2019-08-31,15:59:59,21.44,7.851,9.55,2019-08-31 15:59:59
2019-08-31,16:59:59,21.48,7.9072,9.58,2019-08-31 16:59:59
2019-08-31,17:59:59,21.98,7.9052,9.61,2019-08-31 17:59:59
2019-08-31,18:59:59,23.14,7.878,9.65,2019-08-31 18:59:59
2019-08-31,19:59:59,23.22,7.8789,9.7,2019-08-31 19:59:59
2019-08-31,20:59:59,23.22,7.9101,9.74,2019-08-31 20:59:59
2019-08-31,21:59:59,23.27,7.9345,9.79,2019-08-31 21:59:59
2019-08-31,22:59:59,23.14,7.9122,9.8,2019-08-31 22:59:59
2019-08-31,23:59:59,23.01,7.9088,9.8,2019-08-31 23:59:59
2019-09-01,00:59:59,22.81,7.9003,9.82,2019-09-01 00:59:59
2019-09-01,01:59:59,22.61,7.906,9.83,2019-09-01 01:59:59
2019-09-01,02:59:59,22.38,7.8846,9.82,2019-09-01 02:59:59
2019-09-01,03:59:59,21.11,7.9337,9.61,2019-09-01 03:59:59
2019-09-01,04:59:59,21.04,7.9768,9.62,2019-09-01 04:59:59
2019-09-01,05:59:59,21.09,7.9457,9.63,2019-09-01 05:59:59
2019-09-01,06:59:59,21.09,7.9185,9.64,2019-09-01 06:59:59
2019-09-01,07:59:59,20.99,7.8979,9.65,2019-09-01 07:59:59
2019-09-01,08:59:59,20.84,7.8832,9.65,2019-09-01 08:59:59
2019-09-01,09:59:59,20.79,7.8886,9.66,2019-09-01 09:59:59
2019-09-01,10:59:59,20.67,7.8686,9.66,2019-09-01 10:59:59
2019-09-01,11:59:59,20.62,7.8456,9.67,2019-09-01 11:59:59
2019-09-01,12:59:59,20.67,7.8453,9.68,2019-09-01 12:59:59
2019-09-01,13:59:59,20.94,7.8339,9.7,2019-09-01 13:59:59
2019-09-01,14:59:59,22.03,7.8475,9.71,2019-09-01 14:59:59
2019-09-01,15:59:59,21.61,7.9532,9.39,2019-09-01 15:59:59
2019-09-01,16:59:59,21.81,8.004,9.6,2019-09-01 16:59:59
2019-09-01,17:59:59,21.91,8.0175,9.64,2019-09-01 17:59:59
2019-09-01,18:59:59,22.31,8.024,9.69,2019-09-01 18:59:59
2019-09-01,19:59:59,22.89,7.9864,9.74,2019-09-01 19:59:59
2019-09-01,20:59:59,23.17,7.9898,9.78,2019-09-01 20:59:59
2019-09-01,21:59:59,22.99,8.0001,9.81,2019-09-01 21:59:59
2019-09-01,22:59:59,22.84,7.9838,9.83,2019-09-01 22:59:59
2019-09-01,23:59:59,22.61,7.9785,9.84,2019-09-01 23:59:59
2019-09-02,00:59:59,22.43,7.9746,9.85,2019-09-02 00:59:59
2019-09-02,01:59:59,22.21,7.9485,9.85,2019-09-02 01:59:59
2019-09-02,02:59:59,22.01,7.9441,9.86,2019-09-02 02:59:59
2019-09-02,03:59:59,21.71,7.9568,9.86,2019-09-02 03:59:59
2019-09-02,04:59:59,20.65,7.9611,9.59,2019-09-02 04:59:59
2019-09-02,05:59:59,20.55,8.0155,9.6,2019-09-02 05:59:59
2019-09-02,06:59:59,20.57,7.9665,9.62,2019-09-02 06:59:59
2019-09-02,07:59:59,20.47,7.956,9.67,2019-09-02 07:59:59
2019-09-02,08:59:59,20.33,7.9484,9.68,2019-09-02 08:59:59
2019-09-02,09:59:59,20.28,7.9389,9.72,2019-09-02 09:59:59
2019-09-02,10:59:59,20.23,7.9386,9.73,2019-09-02 10:59:59
2019-09-02,11:59:59,20.23,7.9272,9.74,2019-09-02 11:59:59
2019-09-02,12:59:59,20.28,7.9218,9.75,2019-09-02 12:59:59
2019-09-02,13:59:59,20.57,7.8892,9.74,2019-09-02 13:59:59
2019-09-02,14:59:59,21.14,7.897,9.75,2019-09-02 14:59:59
2019-09-02,15:59:59,21.88,7.9059,9.77,2019-09-02 15:59:59
2019-09-02,16:59:59,21.78,7.9337,9.58,2019-09-02 16:59:59
2019-09-02,17:59:59,21.63,7.9955,9.69,2019-09-02 17:59:59
2019-09-02,18:59:59,21.91,7.9679,9.74,2019-09-02 18:59:59
2019-09-02,19:59:59,22.28,7.9727,9.77,2019-09-02 19:59:59
2019-09-02,20:59:59,22.48,7.9577,9.8,2019-09-02 20:59:59
2019-09-02,21:59:59,22.46,7.9715,9.82,2019-09-02 21:59:59
2019-09-02,22:59:59,22.41,7.9518,9.84,2019-09-02 22:59:59
2019-09-02,23:59:59,22.33,7.9401,9.86,2019-09-02 23:59:59
2019-09-03,00:59:59,22.23,7.9243,9.86,2019-09-03 00:59:59
2019-09-03,01:59:59,22.11,7.9125,9.86,2019-09-03 01:59:59
2019-09-03,02:59:59,21.81,7.9046,9.87,2019-09-03 02:59:59
2019-09-03,03:59:59,21.88,7.8737,9.87,2019-09-03 03:59:59
2019-09-03,04:59:59,21.34,7.7814,9.87,2019-09-03 04:59:59
2019-09-03,05:59:59,21.04,7.7866,9.71,2019-09-03 05:59:59
2019-09-03,06:59:59,20.84,7.9071,9.76,2019-09-03 06:59:59
2019-09-03,07:59:59,21.21,7.8221,9.8,2019-09-03 07:59:59
2019-09-03,08:59:59,21.21,7.7867,9.8,2019-09-03 08:59:59
2019-09-03,09:59:59,21.11,7.7806,9.81,2019-09-03 09:59:59
2019-09-03,10:59:59,21.09,7.7787,9.83,2019-09-03 10:59:59
2019-09-03,11:59:59,21.06,7.7547,9.84,2019-09-03 11:59:59
2019-09-03,12:59:59,21.11,7.7506,9.85,2019-09-03 12:59:59
2019-09-03,13:59:59,21.46,7.755,9.86,2019-09-03 13:59:59
2019-09-03,14:59:59,22.43,7.7436,9.87,2019-09-03 14:59:59
2019-09-03,15:59:59,23.07,7.7466,9.9,2019-09-03 15:59:59
2019-09-03,16:59:59,23.93,7.7225,9.92,2019-09-03 16:59:59
2019-09-03,17:59:59,22.71,7.8711,9.73,2019-09-03 17:59:59
2019-09-03,18:59:59,22.48,7.9202,9.81,2019-09-03 18:59:59
2019-09-03,19:59:59,22.74,7.9244,9.84,2019-09-03 19:59:59
2019-09-03,20:59:59,23.27,7.9407,9.85,2019-09-03 20:59:59
2019-09-03,21:59:59,23.65,7.9107,9.88,2019-09-03 21:59:59
2019-09-03,22:59:59,23.52,7.913,9.9,2019-09-03 22:59:59
2019-09-03,23:59:59,23.32,7.9144,9.91,2019-09-03 23:59:59
2019-09-04,00:59:59,23.07,7.8868,9.92,2019-09-04 00:59:59
2019-09-04,01:59:59,22.86,7.8812,9.92,2019-09-04 01:59:59
2019-09-04,02:59:59,22.64,7.8809,9.92,2019-09-04 02:59:59
2019-09-04,03:59:59,22.53,7.8493,9.93,2019-09-04 03:59:59
2019-09-04,04:59:59,22.33,7.8553,9.93,2019-09-04 04:59:59
2019-09-04,05:59:59,22.13,7.8357,9.92,2019-09-04 05:59:59
2019-09-04,06:59:59,20.72,7.8447,9.84,2019-09-04 06:59:59
2019-09-04,07:59:59,20.57,7.8826,9.85,2019-09-04 07:59:59
2019-09-04,08:59:59,20.7,7.8381,9.87,2019-09-04 08:59:59
2019-09-04,09:59:59,20.62,7.8108,9.87,2019-09-04 09:59:59
2019-09-04,10:59:59,20.52,7.7968,9.87,2019-09-04 10:59:59
2019-09-04,11:59:59,20.55,7.7933,9.88,2019-09-04 11:59:59
2019-09-04,12:59:59,20.62,7.7695,9.88,2019-09-04 12:59:59
2019-09-04,13:59:59,20.74,7.7713,9.89,2019-09-04 13:59:59
2019-09-04,14:59:59,21.06,7.7869,9.9,2019-09-04 14:59:59
2019-09-04,15:59:59,21.34,7.7907,9.91,2019-09-04 15:59:59
2019-09-04,16:59:59,22.13,7.792,9.91,2019-09-04 16:59:59
2019-09-04,17:59:59,23.42,7.7723,9.93,2019-09-04 17:59:59
2019-09-04,18:59:59,22.41,7.9282,9.81,2019-09-04 18:59:59
2019-09-04,19:59:59,22.64,7.9554,9.86,2019-09-04 19:59:59
2019-09-04,20:59:59,22.81,7.9383,9.89,2019-09-04 20:59:59
2019-09-04,21:59:59,23.4,7.9193,9.91,2019-09-04 21:59:59
2019-09-04,22:59:59,23.12,7.916,9.92,2019-09-04 22:59:59
2019-09-04,23:59:59,22.96,7.895,9.93,2019-09-04 23:59:59
2019-09-05,00:59:59,22.86,7.8746,9.94,2019-09-05 00:59:59
2019-09-05,01:59:59,22.76,7.8439,9.94,2019-09-05 01:59:59
2019-09-05,02:59:59,22.66,7.8321,9.94,2019-09-05 02:59:59
2019-09-05,03:59:59,22.58,7.8323,9.94,2019-09-05 03:59:59
2019-09-05,04:59:59,22.48,7.7958,9.94,2019-09-05 04:59:59
2019-09-05,05:59:59,22.31,7.7719,9.94,2019-09-05 05:59:59
2019-09-05,06:59:59,22.08,7.7409,9.94,2019-09-05 06:59:59
2019-09-05,07:59:59,21.41,7.7204,9.83,2019-09-05 07:59:59
2019-09-05,08:59:59,21.24,7.7151,9.85,2019-09-05 08:59:59
2019-09-05,09:59:59,21.09,7.7041,9.87,2019-09-05 09:59:59
2019-09-05,10:59:59,20.77,7.7202,9.88,2019-09-05 10:59:59
2019-09-05,11:59:59,20.57,7.7114,9.88,2019-09-05 11:59:59
2019-09-05,12:59:59,20.62,7.706,9.88,2019-09-05 12:59:59
2019-09-05,13:59:59,20.74,7.7073,9.89,2019-09-05 13:59:59
2019-09-05,14:59:59,21.24,7.7031,9.9,2019-09-05 14:59:59
2019-09-05,15:59:59,21.48,7.7053,9.91,2019-09-05 15:59:59
2019-09-05,16:59:59,22.21,7.7086,9.92,2019-09-05 16:59:59
2019-09-05,17:59:59,23.04,7.7143,9.94,2019-09-05 17:59:59
2019-09-05,18:59:59,23.5,7.7186,9.95,2019-09-05 18:59:59
2019-09-05,21:59:59,21.86,7.9948,9.88,2019-09-05 21:59:59
2019-09-05,22:59:59,21.93,7.976,9.9,2019-09-05 22:59:59
2019-09-05,23:59:59,21.76,7.9699,9.9,2019-09-05 23:59:59
2019-09-06,00:59:59,21.66,7.9413,9.91,2019-09-06 00:59:59
2019-09-06,01:59:59,21.48,7.9278,9.91,2019-09-06 01:59:59
2019-09-06,02:59:59,21.31,7.9211,9.91,2019-09-06 02:59:59
2019-09-06,03:59:59,21.14,7.9065,9.92,2019-09-06 03:59:59
2019-09-06,04:59:59,20.97,7.8816,9.91,2019-09-06 04:59:59
2019-09-06,05:59:59,20.79,7.8559,9.91,2019-09-06 05:59:59
2019-09-06,06:59:59,20.62,7.8382,9.91,2019-09-06 06:59:59
2019-09-06,07:59:59,20.45,7.8495,9.91,2019-09-06 07:59:59
2019-09-06,08:59:59,18.97,7.902,9.82,2019-09-06 08:59:59
2019-09-06,09:59:59,18.97,7.8998,9.84,2019-09-06 09:59:59
2019-09-06,10:59:59,19.14,7.8639,9.84,2019-09-06 10:59:59
2019-09-06,11:59:59,19.12,7.8517,9.85,2019-09-06 11:59:59
2019-09-06,12:59:59,19.12,7.8577,9.85,2019-09-06 12:59:59
2019-09-06,13:59:59,19.14,7.8547,9.85,2019-09-06 13:59:59
2019-09-06,14:59:59,19.14,7.8725,9.86,2019-09-06 14:59:59
2019-09-06,15:59:59,19.21,7.8732,9.86,2019-09-06 15:59:59
2019-09-06,16:59:59,19.19,7.8882,9.87,2019-09-06 16:59:59
